cam0:
  cam_overlaps: [1]
  camera_model: pinhole
  distortion_coeffs: [0.02673276233363494, -0.0033645282036353103, -0.00120839513454208,
    -0.01640151550421821]
  distortion_model: radtan
  intrinsics: [323.58718136882254, 323.67040310695285, 464.27739159127486, 386.8530838017926]
  resolution: [1024, 683]
  rostopic: /cam0/image_raw
cam1:
  T_cn_cnm1:
  - [0.9996422421665969, 0.01654501310926579, -0.02101547566326342, -2.441189072106774]
  - [-0.016542913154872805, 0.9998631191662621, 0.00027377995459346724, -0.24398450053385823]
  - [0.021017128740371035, 7.397518113562699e-05, 0.9997791130180623, 0.19112434185533742]
  - [0.0, 0.0, 0.0, 1.0]
  cam_overlaps: [0]
  camera_model: pinhole
  distortion_coeffs: [0.05852981248110182, 0.004372863208138385, 0.009712804943802026,
    -0.016052487122979048]
  distortion_model: radtan
  intrinsics: [354.4390202798971, 357.95813513410894, 548.1074272601259, 425.7101102982045]
  resolution: [1024, 683]
  rostopic: /cam1/image_raw
