cam0:
  cam_overlaps: [1]
  camera_model: pinhole
  distortion_coeffs: [0.0004415818925226712, -9.331748096248732e-06, -0.0019435905952867357,
    -0.0031616539970486567]
  distortion_model: radtan
  intrinsics: [943.8261432901977, 945.8992300616592, 1720.1838587860957, 1525.5854719265362]
  resolution: [3976, 2652]
  rostopic: /cam0/image_raw
cam1:
  T_cn_cnm1:
  - [0.999658974894606, 0.016674432343314335, -0.020097194299022996, -2.669637833475943]
  - [-0.01644883175662547, 0.9998004116212725, 0.011338997123879688, -0.35091904052655587]
  - [0.02028225447297906, -0.011004554873385617, 0.9997337295127793, -0.036202854837913495]
  - [0.0, 0.0, 0.0, 1.0]
  cam_overlaps: [0]
  camera_model: pinhole
  distortion_coeffs: [0.010267437675416496, 0.012051514645046892, 0.006896554993029031,
    -0.0020042517709849654]
  distortion_model: radtan
  intrinsics: [943.5444257847229, 965.6286024144933, 2182.423044122706, 1720.8520816363532]
  resolution: [3976, 2652]
  rostopic: /cam1/image_raw
