cam0:
  cam_overlaps: [1]
  camera_model: pinhole
  distortion_coeffs: [0.05035940268524989, -0.21114435859732328, 0.0018166498244044948,
    0.004567623213059016]
  distortion_model: radtan
  intrinsics: [3979.6866527468846, 3995.1509010917403, 2058.3216250409123, 1368.199501410558]
  resolution: [3976, 2652]
  rostopic: /cam0/image_raw
cam1:
  T_cn_cnm1:
  - [0.9998891966856782, 0.01207422449443469, 0.008706747620044955, -1.841830369919143]
  - [-0.012140112188925129, 0.9998977668228537, 0.0075547057323535095, 0.01385864866570443]
  - [-0.008614640288571352, -0.0076595695388276715, 0.9999335572762674, 0.03467009131965567]
  - [0.0, 0.0, 0.0, 1.0]
  cam_overlaps: [0]
  camera_model: pinhole
  distortion_coeffs: [0.09177938812114658, -0.2720381693834181, 3.185194052854915e-05,
    0.005969097453114747]
  distortion_model: radtan
  intrinsics: [3978.066827138344, 3982.1213821423103, 2041.7799743971448, 1355.333476802184]
  resolution: [3976, 2652]
  rostopic: /cam1/image_raw
