cam0:
  cam_overlaps: [1]
  camera_model: pinhole
  distortion_coeffs: [0.05160729959555518, -0.20289723216296077, 0.0014807318122467509,
    0.004377763052530579]
  distortion_model: radtan
  intrinsics: [1934.9632116298308, 1943.7413776659303, 1029.3944195971815, 692.1184283247908]
  resolution: [1988, 1326]
  rostopic: /cam0/image_raw
cam1:
  T_cn_cnm1:
  - [0.9998886147949003, 0.012136596112650368, 0.008686831317348714, -1.8417491689460888]
  - [-0.01219466544014669, 0.9999034406521152, 0.006663295495991666, 0.013628282978066843]
  - [-0.008605122796367425, -0.006768486305106253, 0.9999400679314732, 0.032576681015733716]
  - [0.0, 0.0, 0.0, 1.0]
  cam_overlaps: [0]
  camera_model: pinhole
  distortion_coeffs: [0.0896178928505218, -0.2525294904845259, -6.236591907517178e-05,
    0.005831439882142216]
  distortion_model: radtan
  intrinsics: [1934.20281346032, 1937.2141687065916, 1021.3155188511631, 687.8471503349425]
  resolution: [1988, 1326]
  rostopic: /cam1/image_raw
