cam0:
  cam_overlaps: [1]
  camera_model: pinhole
  distortion_coeffs: [-0.0013138931823649764, 4.2151335377520206e-05, -0.0007283234555433294,
    -0.003822994560335061]
  distortion_model: radtan
  intrinsics: [348.32429985596224, 348.8495005813062, 886.1144535149346, 773.7518599857885]
  resolution: [1988, 1326]
  rostopic: /cam0/image_raw
cam1:
  T_cn_cnm1:
  - [0.9998513991092519, 0.013610235566238117, -0.01058022623120628, -2.544700642739464]
  - [-0.013490649505621285, 0.9998452214538054, 0.011293162174870258, -0.3043585835110334]
  - [0.010732291236659515, -0.011148749877136323, 0.9998802544809999, 0.41047977549589904]
  - [0.0, 0.0, 0.0, 1.0]
  cam_overlaps: [0]
  camera_model: pinhole
  distortion_coeffs: [0.019177728664851457, 0.004182319166234987, 0.007285116010516913,
    -0.007677168962720333]
  distortion_model: radtan
  intrinsics: [451.2436631617352, 459.4197898407413, 1076.3890872092286, 858.9249007983187]
  resolution: [1988, 1326]
  rostopic: /cam1/image_raw
