cam0:
  cam_overlaps: []
  camera_model: pinhole
  distortion_coeffs: [0.11381124378270806, -0.2520005246926877, -0.0006030092332125296,
    0.00039905796207870807]
  distortion_model: radtan
  intrinsics: [915.2770536691121, 912.1060390304214, 632.1747622794305, 349.5199228127585]
  resolution: [1280, 720]
  rostopic: /cam0/image_raw
