cam0:
  cam_overlaps: []
  camera_model: pinhole
  distortion_coeffs: [-0.11581715845159099, 0.11105199728137084, 0.0013311041160642227,
    -0.0015702700364865943]
  distortion_model: radtan
  intrinsics: [974.8964984054144, 975.699776515335, 668.9223262872842, 501.4716551688632]
  resolution: [1280, 960]
  rostopic: /cam0/image_raw
