imu_topic: 
mocap_topic: 
cam_topics: /cam0/image_raw /cam1/image_raw 
Total number of messages: 88
Image size: 44
Min time: 110000000000 max time: 153000000000 mocap to imu offset: 0
Number of mocap poses: 0
No pre-processed detected corners found
No pre-processed initial poses found
No calibration found
Started detecting corners
Done detecting corners. Saved them here: /media/achry/LENOVO_USB_HDD/CamCalibr/Dataset/Result/field20211205/calib/basalt/ds/994_663/calib-cam_detected_corners.cereal
Started camera intrinsics initialization
Initialized camera 1 with pinhole model. You should set pinhole model for this camera!
Done camera intrinsics initialization:
Cam 0: 868.902 868.902   496.5     331       0     0.5
Cam 1: 1352.68 1440.18   496.5     331       0     0.5
Started initial camera pose computation 
Done initial camera pose computation. Saved them here: /media/achry/LENOVO_USB_HDD/CamCalibr/Dataset/Result/field20211205/calib/basalt/ds/994_663/calib-cam_init_poses.cereal
Initializing camera pair 0 1
Done camera extrinsics initialization:
T_c0_c0:
1 0 0 0
0 1 0 0
0 0 1 0
0 0 0 1
T_c0_c1:
  0.997375 -0.0498598  0.0525158    1.38087
 0.0619405   0.963079  -0.261995    1.88392
-0.0375138    0.26456   0.963639   -2.08673
         0          0          0          1
Initialized optimization.
[LINEARIZE] Error: 2.30232e+06 num points 6066
	[REJECTED] lambda:1e-06 step_quality: -1.11584 max_inc: 599.716 Error: 2.92876e+06 num points 6066
	[ACCEPTED] lambda:2e-06 step_quality: 0.13149 max_inc: 413.166 Error: 2.22859e+06 num points 6066
==================================
intrinsics 0:    948.486    935.446    337.272    454.657 -0.0882169   0.455549
T_i_c0:
1 0 0 0
0 1 0 0
0 0 1 0
0 0 0 1
intrinsics 1:    1208.78    1187.19    83.3339    305.404   0.128978 0.00320642
T_i_c1:
  0.990812  0.0218362  -0.133473    1.58096
-0.0454473   0.983249   -0.17651  0.0221543
  0.127383   0.180954   0.975207  -0.392059
         0          0          0          1
Current error: 2.22859e+06 num_points 6066 mean_error 367.39 reprojection_error 290706 mean reprojection 47.9238 opt_time 1ms.
==================================
[LINEARIZE] Error: 2.22859e+06 num points 6066
	[ACCEPTED] lambda:2.8007e-06 step_quality: 0.858512 max_inc: 285.109 Error: 1.72995e+06 num points 6066
==================================
intrinsics 0:   1034.77   1033.36   360.969   417.441 -0.176673    0.3674
T_i_c0:
1 0 0 0
0 1 0 0
0 0 1 0
0 0 0 1
intrinsics 1:   1334.87    1313.3   368.443    349.06 0.0225165         0
T_i_c1:
   0.999392  -0.0190193   0.0292163     1.80603
  0.0202262     0.99893  -0.0415838 0.000929947
 -0.0283941   0.0421495    0.998708   -0.176544
          0           0           0           1
Current error: 1.72995e+06 num_points 6066 mean_error 285.188 reprojection_error 228363 mean reprojection 37.6465 opt_time 1ms.
==================================
[LINEARIZE] Error: 1.72995e+06 num points 6066
	[ACCEPTED] lambda:1.76825e-06 step_quality: 3.54397 max_inc: 104.467 Error: 113122 num points 6066
==================================
intrinsics 0:   1009.49    1011.6   421.884   312.974 -0.153676  0.253189
T_i_c0:
1 0 0 0
0 1 0 0
0 0 1 0
0 0 0 1
intrinsics 1:   1263.39   1267.26   464.857    338.13  0.068303 0.0818818
T_i_c1:
    0.99943  -0.0158621   0.0298034     1.83715
  0.0153989    0.999758   0.0157079 0.000929528
 -0.0300454    -0.01524    0.999432  -0.0656597
          0           0           0           1
Current error: 113122 num_points 6066 mean_error 18.6486 reprojection_error 25747.7 mean reprojection 4.2446 opt_time 1ms.
==================================
[LINEARIZE] Error: 113122 num points 6066
	[ACCEPTED] lambda:5.89417e-07 step_quality: 2.15481 max_inc: 69.5671 Error: 14435.5 num points 6066
==================================
intrinsics 0:   1014.95   1016.91   491.451   303.752 -0.129761  0.142057
T_i_c0:
1 0 0 0
0 1 0 0
0 0 1 0
0 0 0 1
intrinsics 1:   1249.11   1249.97   491.568   298.073 0.0787661         0
T_i_c1:
   0.999916   -0.012785 -0.00232981     1.84013
  0.0127659    0.999886 -0.00804069  0.00789969
 0.00243234  0.00801027    0.999965 -0.00285936
          0           0           0           1
Current error: 14435.5 num_points 6066 mean_error 2.37974 reprojection_error 7662.81 mean reprojection 1.26324 opt_time 1ms.
==================================
[LINEARIZE] Error: 14435.5 num points 6066
	[REJECTED] lambda:1.96472e-07 step_quality: -3.15161 max_inc: 31.2734 Error: 29631.2 num points 6066
	[REJECTED] lambda:3.92945e-07 step_quality: -1.73176 max_inc: 28.56 Error: 22781.4 num points 6066
	[ACCEPTED] lambda:1.57178e-06 step_quality: 0.573747 max_inc: 17.3709 Error: 11674.9 num points 6066
==================================
intrinsics 0:   1003.93    1005.7   495.788   314.974 -0.114838 0.0980104
T_i_c0:
1 0 0 0
0 1 0 0
0 0 1 0
0 0 0 1
intrinsics 1:   1231.74   1233.07   493.166   309.038 0.0923481         0
T_i_c1:
   0.999901  -0.0127082 -0.00608987     1.84124
  0.0126539    0.999881 -0.00887225  0.00723615
  0.0062019   0.0087943    0.999942  -0.0150684
          0           0           0           1
Current error: 11674.9 num_points 6066 mean_error 1.92465 reprojection_error 6477.13 mean reprojection 1.06778 opt_time 1ms.
==================================
[LINEARIZE] Error: 11674.9 num points 6066
	[REJECTED] lambda:1.56674e-06 step_quality: -1.53498 max_inc: 17.4296 Error: 16910.6 num points 6066
	[REJECTED] lambda:3.13347e-06 step_quality: -0.934264 max_inc: 12.2427 Error: 14857.6 num points 6066
	[REJECTED] lambda:1.25339e-05 step_quality: -0.305545 max_inc: 4.82098 Error: 12713.5 num points 6066
	[REJECTED] lambda:0.000100271 step_quality: -0.0288483 max_inc: 1.03264 Error: 11772.8 num points 6066
	[ACCEPTED] lambda:0.00160434 step_quality: 0.147338 max_inc: 0.182734 Error: 11176 num points 6066
==================================
intrinsics 0:   1003.77   1005.58    495.82   314.799 -0.114723 0.0964161
T_i_c0:
1 0 0 0
0 1 0 0
0 0 1 0
0 0 0 1
intrinsics 1:   1231.56   1232.94   493.287   308.925 0.0922117         0
T_i_c1:
   0.999899  -0.0128068   -0.006146      1.8414
  0.0127522     0.99988 -0.00884324  0.00741679
 0.00625851  0.00876397    0.999942  -0.0145932
          0           0           0           1
Current error: 11176 num_points 6066 mean_error 1.8424 reprojection_error 6147.18 mean reprojection 1.01338 opt_time 2ms.
==================================
[LINEARIZE] Error: 11176 num points 6066
	[ACCEPTED] lambda:0.00216728 step_quality: 0.0921679 max_inc: 0.0948025 Error: 10870.2 num points 6066
==================================
intrinsics 0:   1003.78   1005.56   495.822   314.808 -0.114717 0.0964169
T_i_c0:
1 0 0 0
0 1 0 0
0 0 1 0
0 0 0 1
intrinsics 1:   1231.48   1232.85   493.339   308.905 0.0920125         0
T_i_c1:
   0.999899  -0.0128164 -0.00614641     1.84157
  0.0127616    0.999879 -0.00887931   0.0074814
 0.00625947  0.00879998    0.999942  -0.0148071
          0           0           0           1
Current error: 10870.2 num_points 6066 mean_error 1.792 reprojection_error 6080.27 mean reprojection 1.00235 opt_time 1ms.
==================================
[LINEARIZE] Error: 10870.2 num points 6066
	[ACCEPTED] lambda:0.00334339 step_quality: 0.110117 max_inc: 0.104154 Error: 10521.8 num points 6066
==================================
intrinsics 0:   1003.78   1005.55   495.825   314.818 -0.114713 0.0962794
T_i_c0:
1 0 0 0
0 1 0 0
0 0 1 0
0 0 0 1
intrinsics 1:    1231.4   1232.74   493.376   308.884 0.0918218         0
T_i_c1:
   0.999899  -0.0128407  -0.0061297     1.84161
  0.0127859    0.999879 -0.00890348  0.00749065
 0.00624328  0.00882421    0.999942  -0.0148405
          0           0           0           1
Current error: 10521.8 num_points 6066 mean_error 1.73456 reprojection_error 6003.91 mean reprojection 0.989764 opt_time 1ms.
==================================
[LINEARIZE] Error: 10521.8 num points 6066
	[ACCEPTED] lambda:0.00492857 step_quality: 0.136557 max_inc: 0.0869873 Error: 10113.7 num points 6066
==================================
intrinsics 0:   1003.78   1005.54   495.828   314.826 -0.114714 0.0961217
T_i_c0:
1 0 0 0
0 1 0 0
0 0 1 0
0 0 0 1
intrinsics 1:   1231.35   1232.65   493.408   308.864 0.0916242         0
T_i_c1:
   0.999899  -0.0128703 -0.00610675     1.84159
  0.0128155    0.999878 -0.00892294  0.00750153
 0.00622085  0.00884377    0.999942  -0.0148234
          0           0           0           1
Current error: 10113.7 num_points 6066 mean_error 1.66728 reprojection_error 5912.21 mean reprojection 0.974647 opt_time 0ms.
==================================
[LINEARIZE] Error: 10113.7 num points 6066
	[ACCEPTED] lambda:0.00682145 step_quality: 0.153755 max_inc: 0.0741002 Error: 9685.97 num points 6066
==================================
intrinsics 0:    1003.8   1005.53   495.829   314.832 -0.114718 0.0959585
T_i_c0:
1 0 0 0
0 1 0 0
0 0 1 0
0 0 0 1
intrinsics 1:   1231.31   1232.58   493.436   308.846 0.0914249         0
T_i_c1:
   0.999898  -0.0129026 -0.00608148     1.84155
   0.012848    0.999877 -0.00893953  0.00751511
 0.00619608  0.00886048    0.999942  -0.0147846
          0           0           0           1
Current error: 9685.97 num_points 6066 mean_error 1.59676 reprojection_error 5813.36 mean reprojection 0.958352 opt_time 0ms.
==================================
[LINEARIZE] Error: 9685.97 num points 6066
	[ACCEPTED] lambda:0.0090867 step_quality: 0.172149 max_inc: 0.0694233 Error: 9244.41 num points 6066
==================================
intrinsics 0:   1003.81   1005.52    495.83   314.837 -0.114723 0.0957835
T_i_c0:
1 0 0 0
0 1 0 0
0 0 1 0
0 0 0 1
intrinsics 1:   1231.28   1232.52   493.462   308.828 0.0912253         0
T_i_c1:
   0.999898  -0.0129374 -0.00605549     1.84149
  0.0128829    0.999877 -0.00895397  0.00753076
 0.00617059  0.00887505    0.999942  -0.0147267
          0           0           0           1
Current error: 9244.41 num_points 6066 mean_error 1.52397 reprojection_error 5708.18 mean reprojection 0.941012 opt_time 1ms.
==================================
[LINEARIZE] Error: 9244.41 num points 6066
	[ACCEPTED] lambda:0.0116484 step_quality: 0.183524 max_inc: 0.0659566 Error: 8814.85 num points 6066
==================================
intrinsics 0:   1003.82   1005.51    495.83   314.842 -0.114729 0.0956062
T_i_c0:
1 0 0 0
0 1 0 0
0 0 1 0
0 0 0 1
intrinsics 1:   1231.27   1232.47   493.486   308.812 0.0910297         0
T_i_c1:
   0.999898  -0.0129728 -0.00602971     1.84143
  0.0129184    0.999876 -0.00896681  0.00754698
 0.00614528    0.008888    0.999942  -0.0146595
          0           0           0           1
Current error: 8814.85 num_points 6066 mean_error 1.45316 reprojection_error 5602.42 mean reprojection 0.923578 opt_time 1ms.
==================================
[LINEARIZE] Error: 8814.85 num points 6066
	[ACCEPTED] lambda:0.0146022 step_quality: 0.197249 max_inc: 0.0624031 Error: 8396.41 num points 6066
==================================
intrinsics 0:   1003.84    1005.5    495.83   314.845 -0.114736 0.0954221
T_i_c0:
1 0 0 0
0 1 0 0
0 0 1 0
0 0 0 1
intrinsics 1:   1231.26   1232.42   493.509   308.796 0.0908385         0
T_i_c1:
   0.999897  -0.0130092 -0.00600452     1.84137
   0.012955    0.999876 -0.00897832  0.00756421
 0.00612058  0.00889961    0.999942  -0.0145813
          0           0           0           1
Current error: 8396.41 num_points 6066 mean_error 1.38418 reprojection_error 5495.77 mean reprojection 0.905996 opt_time 0ms.
==================================
[LINEARIZE] Error: 8396.41 num points 6066
	[ACCEPTED] lambda:0.0178438 step_quality: 0.203976 max_inc: 0.0589151 Error: 8007.33 num points 6066
==================================
intrinsics 0:   1003.85   1005.49   495.829   314.848 -0.114742  0.095241
T_i_c0:
1 0 0 0
0 1 0 0
0 0 1 0
0 0 0 1
intrinsics 1:   1231.26   1232.38    493.53   308.781 0.0906545         0
T_i_c1:
   0.999897  -0.0130451 -0.00598026      1.8413
   0.012991    0.999875 -0.00898877  0.00758155
 0.00609677  0.00891015    0.999942   -0.014501
          0           0           0           1
Current error: 8007.33 num_points 6066 mean_error 1.32003 reprojection_error 5392.91 mean reprojection 0.889039 opt_time 0ms.
==================================
[LINEARIZE] Error: 8007.33 num points 6066
	[ACCEPTED] lambda:0.0215468 step_quality: 0.216054 max_inc: 0.0554115 Error: 7638.35 num points 6066
==================================
intrinsics 0:   1003.87   1005.48   495.829   314.851 -0.114748 0.0950559
T_i_c0:
1 0 0 0
0 1 0 0
0 0 1 0
0 0 0 1
intrinsics 1:  1231.27  1232.35  493.549  308.767 0.090477        0
T_i_c1:
   0.999897  -0.0130808 -0.00595702     1.84124
  0.0130269    0.999875 -0.00899823   0.0075988
 0.00607398   0.0089197    0.999942  -0.0144124
          0           0           0           1
Current error: 7638.35 num_points 6066 mean_error 1.25921 reprojection_error 5291.55 mean reprojection 0.872329 opt_time 1ms.
==================================
[LINEARIZE] Error: 7638.35 num points 6066
	[ACCEPTED] lambda:0.025493 step_quality: 0.217671 max_inc: 0.0520839 Error: 7307.8 num points 6066
==================================
intrinsics 0:   1003.88   1005.47   495.828   314.853 -0.114755  0.094879
T_i_c0:
1 0 0 0
0 1 0 0
0 0 1 0
0 0 0 1
intrinsics 1:   1231.27   1232.32   493.568   308.754 0.0903087         0
T_i_c1:
   0.999896   -0.013115 -0.00593495     1.84118
  0.0130613    0.999874  -0.0090069   0.0076153
 0.00605233  0.00892845    0.999942  -0.0143278
          0           0           0           1
Current error: 7307.8 num_points 6066 mean_error 1.20471 reprojection_error 5197.19 mean reprojection 0.856774 opt_time 0ms.
==================================
[LINEARIZE] Error: 7307.8 num points 6066
	[ACCEPTED] lambda:0.0300827 step_quality: 0.231297 max_inc: 0.0487428 Error: 6995.94 num points 6066
==================================
intrinsics 0:   1003.89   1005.46   495.828   314.855  -0.11476 0.0946985
T_i_c0:
1 0 0 0
0 1 0 0
0 0 1 0
0 0 0 1
intrinsics 1:  1231.28  1232.29  493.585  308.741 0.090147        0
T_i_c1:
  0.999896  -0.013149  -0.005914    1.84111
 0.0130954   0.999874 -0.0090148 0.00763193
0.00603179 0.00893642   0.999942 -0.0142356
         0          0          0          1
Current error: 6995.94 num_points 6066 mean_error 1.1533 reprojection_error 5104.44 mean reprojection 0.841484 opt_time 1ms.
==================================
[LINEARIZE] Error: 6995.94 num points 6066
	[ACCEPTED] lambda:0.0347517 step_quality: 0.225072 max_inc: 0.0456951 Error: 6728.58 num points 6066
==================================
intrinsics 0:   1003.91   1005.45   495.827   314.857 -0.114766 0.0945326
T_i_c0:
1 0 0 0
0 1 0 0
0 0 1 0
0 0 0 1
intrinsics 1:   1231.29   1232.27   493.601    308.73 0.0899961         0
T_i_c1:
  0.999896 -0.0131807 -0.0058943    1.84106
 0.0131272   0.999873 -0.0090221 0.00764741
0.00601247 0.00894379   0.999942 -0.0141546
         0          0          0          1
Current error: 6728.58 num_points 6066 mean_error 1.10923 reprojection_error 5021.63 mean reprojection 0.827832 opt_time 0ms.
==================================
[LINEARIZE] Error: 6728.58 num points 6066
	[ACCEPTED] lambda:0.040529 step_quality: 0.247454 max_inc: 0.042529 Error: 6468.91 num points 6066
==================================
intrinsics 0:   1003.92   1005.44   495.827   314.858  -0.11477 0.0943595
T_i_c0:
1 0 0 0
0 1 0 0
0 0 1 0
0 0 0 1
intrinsics 1:   1231.31   1232.25   493.616   308.719 0.0898502         0
T_i_c1:
   0.999895  -0.0132126 -0.00587566       1.841
  0.0131592    0.999873 -0.00902873  0.00766325
  0.0059942  0.00895046    0.999942  -0.0140601
          0           0           0           1
Current error: 6468.91 num_points 6066 mean_error 1.06642 reprojection_error 4937.64 mean reprojection 0.813986 opt_time 0ms.
==================================
[LINEARIZE] Error: 6468.91 num points 6066
	[ACCEPTED] lambda:0.0457515 step_quality: 0.223399 max_inc: 0.0398753 Error: 6264.31 num points 6066
==================================
intrinsics 0:   1003.93   1005.44   495.826   314.859 -0.114775 0.0942104
T_i_c0:
1 0 0 0
0 1 0 0
0 0 1 0
0 0 0 1
intrinsics 1:   1231.32   1232.23    493.63   308.708 0.0897175         0
T_i_c1:
   0.999895   -0.013241 -0.00585834     1.84095
  0.0131877    0.999872 -0.00903492  0.00767729
 0.00597722  0.00895672    0.999942  -0.0139901
          0           0           0           1
Current error: 6264.31 num_points 6066 mean_error 1.03269 reprojection_error 4868.84 mean reprojection 0.802645 opt_time 0ms.
==================================
[LINEARIZE] Error: 6264.31 num points 6066
	[ACCEPTED] lambda:0.0534971 step_quality: 0.273299 max_inc: 0.0367815 Error: 6043.32 num points 6066
==================================
intrinsics 0:   1003.94   1005.43   495.826   314.861 -0.114778 0.0940432
T_i_c0:
1 0 0 0
0 1 0 0
0 0 1 0
0 0 0 1
intrinsics 1:   1231.34   1232.22   493.642   308.699 0.0895853         0
T_i_c1:
   0.999895  -0.0132709 -0.00584185      1.8409
  0.0132178    0.999872 -0.00904046  0.00769237
 0.00596107   0.0089623    0.999942  -0.0138882
          0           0           0           1
Current error: 6043.32 num_points 6066 mean_error 0.996261 reprojection_error 4791.18 mean reprojection 0.789842 opt_time 0ms.
==================================
[LINEARIZE] Error: 6043.32 num points 6066
	[ACCEPTED] lambda:0.0584834 step_quality: 0.2024 max_inc: 0.0347032 Error: 5902.52 num points 6066
==================================
intrinsics 0:   1003.95   1005.42   495.825   314.862 -0.114784 0.0939156
T_i_c0:
1 0 0 0
0 1 0 0
0 0 1 0
0 0 0 1
intrinsics 1:   1231.35    1232.2   493.655    308.69 0.0894722         0
T_i_c1:
   0.999895  -0.0132953 -0.00582687     1.84085
  0.0132423    0.999871 -0.00904575  0.00770461
 0.00594638  0.00896763    0.999942  -0.0138403
          0           0           0           1
Current error: 5902.52 num_points 6066 mean_error 0.973049 reprojection_error 4740.05 mean reprojection 0.781413 opt_time 0ms.
==================================
[LINEARIZE] Error: 5902.52 num points 6066
	[ACCEPTED] lambda:0.070815 step_quality: 0.335504 max_inc: 0.0341752 Error: 5694.78 num points 6066
==================================
intrinsics 0:   1003.95   1005.41   495.826   314.863 -0.114784 0.0937461
T_i_c0:
1 0 0 0
0 1 0 0
0 0 1 0
0 0 0 1
intrinsics 1:   1231.38   1232.21   493.665   308.681 0.0893487         0
T_i_c1:
  0.999894 -0.0133247 -0.0058122    1.84081
 0.0132718   0.999871 -0.0090503 0.00771942
0.00593205 0.00897221   0.999942 -0.0137109
         0          0          0          1
Current error: 5694.78 num_points 6066 mean_error 0.938804 reprojection_error 4660.35 mean reprojection 0.768274 opt_time 1ms.
==================================
[LINEARIZE] Error: 5694.78 num points 6066
	[ACCEPTED] lambda:0.0733366 step_quality: 0.146598 max_inc: 0.0300665 Error: 5619.33 num points 6066
==================================
intrinsics 0:   1003.96   1005.41   495.824   314.864 -0.114791 0.0936362
T_i_c0:
1 0 0 0
0 1 0 0
0 0 1 0
0 0 0 1
intrinsics 1:   1231.38   1232.18   493.676   308.673 0.0892569         0
T_i_c1:
   0.999894  -0.0133449 -0.00579962     1.84076
   0.013292    0.999871 -0.00905474  0.00773011
 0.00591971  0.00897669    0.999942  -0.0136984
          0           0           0           1
Current error: 5619.33 num_points 6066 mean_error 0.926365 reprojection_error 4630.91 mean reprojection 0.76342 opt_time 0ms.
==================================
[LINEARIZE] Error: 5619.33 num points 6066
	[ACCEPTED] lambda:0.0992318 step_quality: 0.494198 max_inc: 0.0606395 Error: 5388.22 num points 6066
==================================
intrinsics 0:   1003.96   1005.39   495.826   314.865 -0.114786 0.0934532
T_i_c0:
1 0 0 0
0 1 0 0
0 0 1 0
0 0 0 1
intrinsics 1:   1231.44   1232.21   493.683   308.666 0.0891323         0
T_i_c1:
   0.999894  -0.0133761 -0.00578628     1.84073
  0.0133234     0.99987 -0.00905835  0.00774527
  0.0059067   0.0089803    0.999942  -0.0134958
          0           0           0           1
Current error: 5388.22 num_points 6066 mean_error 0.888266 reprojection_error 4533.73 mean reprojection 0.747401 opt_time 1ms.
==================================
[LINEARIZE] Error: 5388.22 num points 6066
	[ACCEPTED] lambda:0.0992319 step_quality: 0.137249 max_inc: 0.0246373 Error: 5339.79 num points 6066
==================================
intrinsics 0:   1003.97   1005.39   495.824   314.865 -0.114791 0.0933041
T_i_c0:
1 0 0 0
0 1 0 0
0 0 1 0
0 0 0 1
intrinsics 1:   1231.44   1232.19   493.693   308.659 0.0890546         0
T_i_c1:
   0.999894  -0.0133973 -0.00577619     1.84069
  0.0133446     0.99987 -0.00906147  0.00775823
 0.00589683  0.00898342    0.999942  -0.0134826
          0           0           0           1
Current error: 5339.79 num_points 6066 mean_error 0.880281 reprojection_error 4513.28 mean reprojection 0.74403 opt_time 0ms.
==================================
[LINEARIZE] Error: 5339.79 num points 6066
	[ACCEPTED] lambda:0.137126 step_quality: 0.547461 max_inc: 0.0597103 Error: 5164.74 num points 6066
==================================
intrinsics 0:   1003.96   1005.38   495.827   314.866 -0.114785 0.0931414
T_i_c0:
1 0 0 0
0 1 0 0
0 0 1 0
0 0 0 1
intrinsics 1:    1231.5   1232.22   493.698   308.654 0.0889469         0
T_i_c1:
   0.999893  -0.0134247 -0.00576504     1.84066
  0.0133721     0.99987 -0.00906435  0.00777125
 0.00588598  0.00898629    0.999942  -0.0132881
          0           0           0           1
Current error: 5164.74 num_points 6066 mean_error 0.851424 reprojection_error 4432.57 mean reprojection 0.730723 opt_time 1ms.
==================================
[LINEARIZE] Error: 5164.74 num points 6066
	[ACCEPTED] lambda:0.137008 step_quality: 0.156697 max_inc: 0.0195693 Error: 5128.21 num points 6066
==================================
intrinsics 0:   1003.97   1005.37   495.825   314.866 -0.114789 0.0929844
T_i_c0:
1 0 0 0
0 1 0 0
0 0 1 0
0 0 0 1
intrinsics 1:   1231.5  1232.21  493.706  308.648 0.088881        0
T_i_c1:
   0.999893   -0.013445 -0.00575703     1.84062
  0.0133925    0.999869 -0.00906649  0.00778452
 0.00587818  0.00898841    0.999942  -0.0132651
          0           0           0           1
Current error: 5128.21 num_points 6066 mean_error 0.845403 reprojection_error 4415.57 mean reprojection 0.727922 opt_time 0ms.
==================================
[LINEARIZE] Error: 5128.21 num points 6066
	[ACCEPTED] lambda:0.181356 step_quality: 0.510092 max_inc: 0.0446646 Error: 5021.97 num points 6066
==================================
intrinsics 0:   1003.97   1005.36   495.827   314.866 -0.114785 0.0928517
T_i_c0:
1 0 0 0
0 1 0 0
0 0 1 0
0 0 0 1
intrinsics 1:   1231.55   1232.23    493.71   308.643 0.0887969         0
T_i_c1:
   0.999893  -0.0134668 -0.00574825      1.8406
  0.0134143    0.999869 -0.00906877  0.00779494
 0.00586962  0.00899069    0.999942  -0.0131204
          0           0           0           1
Current error: 5021.97 num_points 6066 mean_error 0.827888 reprojection_error 4361.73 mean reprojection 0.719046 opt_time 1ms.
==================================
[LINEARIZE] Error: 5021.97 num points 6066
	[ACCEPTED] lambda:0.181354 step_quality: 0.151414 max_inc: 0.0157115 Error: 4998.37 num points 6066
==================================
intrinsics 0:   1003.97   1005.36   495.826   314.867 -0.114788 0.0927188
T_i_c0:
1 0 0 0
0 1 0 0
0 0 1 0
0 0 0 1
intrinsics 1:   1231.55   1232.22   493.716   308.639 0.0887434         0
T_i_c1:
   0.999893  -0.0134838 -0.00574186     1.84057
  0.0134314    0.999869 -0.00907039  0.00780633
 0.00586341   0.0089923    0.999942  -0.0131015
          0           0           0           1
Current error: 4998.37 num_points 6066 mean_error 0.823998 reprojection_error 4349.72 mean reprojection 0.717065 opt_time 1ms.
==================================
[LINEARIZE] Error: 4998.37 num points 6066
	[ACCEPTED] lambda:0.242808 step_quality: 0.529213 max_inc: 0.038744 Error: 4925.18 num points 6066
==================================
intrinsics 0:   1003.97   1005.35   495.827   314.867 -0.114785 0.0926172
T_i_c0:
1 0 0 0
0 1 0 0
0 0 1 0
0 0 0 1
intrinsics 1:   1231.59   1232.24   493.719   308.635 0.0886745         0
T_i_c1:
   0.999892  -0.0135012 -0.00573471     1.84055
  0.0134488    0.999868 -0.00907229  0.00781416
 0.00585644  0.00899419    0.999942  -0.0129766
          0           0           0           1
Current error: 4925.18 num_points 6066 mean_error 0.811932 reprojection_error 4309.14 mean reprojection 0.710376 opt_time 0ms.
==================================
[LINEARIZE] Error: 4925.18 num points 6066
	[ACCEPTED] lambda:0.242759 step_quality: 0.159391 max_inc: 0.0123813 Error: 4908.87 num points 6066
==================================
intrinsics 0:   1003.97   1005.35   495.826   314.867 -0.114787  0.092504
T_i_c0:
1 0 0 0
0 1 0 0
0 0 1 0
0 0 0 1
intrinsics 1:    1231.6   1232.24   493.724   308.631 0.0886307         0
T_i_c1:
   0.999892  -0.0135156 -0.00572969     1.84053
  0.0134633    0.999868 -0.00907344  0.00782413
 0.00585157  0.00899532    0.999942  -0.0129565
          0           0           0           1
Current error: 4908.87 num_points 6066 mean_error 0.809243 reprojection_error 4300.07 mean reprojection 0.70888 opt_time 1ms.
==================================
[LINEARIZE] Error: 4908.87 num points 6066
	[ACCEPTED] lambda:0.319502 step_quality: 0.503826 max_inc: 0.029955 Error: 4863.65 num points 6066
==================================
intrinsics 0:   1003.97   1005.34   495.827   314.867 -0.114785 0.0924227
T_i_c0:
1 0 0 0
0 1 0 0
0 0 1 0
0 0 0 1
intrinsics 1:   1231.63   1232.25   493.727   308.629 0.0885768         0
T_i_c1:
   0.999892  -0.0135293 -0.00572405     1.84051
   0.013477    0.999868 -0.00907495  0.00783023
 0.00584607  0.00899683    0.999942  -0.0128602
          0           0           0           1
Current error: 4863.65 num_points 6066 mean_error 0.801788 reprojection_error 4272.85 mean reprojection 0.704393 opt_time 0ms.
==================================
[LINEARIZE] Error: 4863.65 num points 6066
	[ACCEPTED] lambda:0.319501 step_quality: 0.155714 max_inc: 0.00977762 Error: 4853.11 num points 6066
==================================
intrinsics 0:   1003.97   1005.34   495.826   314.867 -0.114786 0.0923299
T_i_c0:
1 0 0 0
0 1 0 0
0 0 1 0
0 0 0 1
intrinsics 1:   1231.64   1232.25   493.731   308.625 0.0885417         0
T_i_c1:
   0.999892  -0.0135411 -0.00572011     1.84049
  0.0134888    0.999868 -0.00907579  0.00783856
 0.00584225  0.00899766    0.999942   -0.012843
          0           0           0           1
Current error: 4853.11 num_points 6066 mean_error 0.800051 reprojection_error 4266.55 mean reprojection 0.703355 opt_time 1ms.
==================================
[LINEARIZE] Error: 4853.11 num points 6066
	[ACCEPTED] lambda:0.42381 step_quality: 0.501639 max_inc: 0.0245858 Error: 4823.67 num points 6066
==================================
intrinsics 0:   1003.97   1005.33   495.827   314.867 -0.114784 0.0922671
T_i_c0:
1 0 0 0
0 1 0 0
0 0 1 0
0 0 0 1
intrinsics 1:   1231.66   1232.26   493.733   308.623 0.0884988         0
T_i_c1:
   0.999892  -0.0135519  -0.0057156     1.84048
  0.0134997    0.999868 -0.00907703  0.00784304
 0.00583785  0.00899889    0.999942  -0.0127639
          0           0           0           1
Current error: 4823.67 num_points 6066 mean_error 0.795197 reprojection_error 4247.44 mean reprojection 0.700204 opt_time 0ms.
==================================
[LINEARIZE] Error: 4823.67 num points 6066
	[ACCEPTED] lambda:0.42381 step_quality: 0.15883 max_inc: 0.00761885 Error: 4816.61 num points 6066
==================================
intrinsics 0:   1003.97   1005.33   495.827   314.868 -0.114785 0.0921925
T_i_c0:
1 0 0 0
0 1 0 0
0 0 1 0
0 0 0 1
intrinsics 1:   1231.67   1232.26   493.736   308.621 0.0884705         0
T_i_c1:
   0.999892  -0.0135615 -0.00571254     1.84046
  0.0135093    0.999868 -0.00907763  0.00784997
 0.00583489  0.00899947    0.999942  -0.0127476
          0           0           0           1
Current error: 4816.61 num_points 6066 mean_error 0.794034 reprojection_error 4242.93 mean reprojection 0.699462 opt_time 0ms.
==================================
[LINEARIZE] Error: 4816.61 num points 6066
	[ACCEPTED] lambda:0.55845 step_quality: 0.473451 max_inc: 0.0190107 Error: 4798.62 num points 6066
==================================
intrinsics 0:   1003.97   1005.33   495.827   314.868 -0.114784 0.0921424
T_i_c0:
1 0 0 0
0 1 0 0
0 0 1 0
0 0 0 1
intrinsics 1:   1231.68   1232.27   493.737   308.619 0.0884373         0
T_i_c1:
   0.999892  -0.0135699 -0.00570902     1.84045
  0.0135177    0.999867  -0.0090786  0.00785339
 0.00583146  0.00900044    0.999942  -0.0126865
          0           0           0           1
Current error: 4798.62 num_points 6066 mean_error 0.791068 reprojection_error 4230.4 mean reprojection 0.697395 opt_time 0ms.
==================================
[LINEARIZE] Error: 4798.62 num points 6066
	[ACCEPTED] lambda:0.558534 step_quality: 0.155595 max_inc: 0.00592687 Error: 4794.05 num points 6066
==================================
intrinsics 0:   1003.97   1005.32   495.827   314.868 -0.114784 0.0920832
T_i_c0:
1 0 0 0
0 1 0 0
0 0 1 0
0 0 0 1
intrinsics 1:   1231.69   1232.27    493.74   308.617 0.0884149         0
T_i_c1:
   0.999892  -0.0135776 -0.00570665     1.84044
  0.0135254    0.999867 -0.00907903  0.00785902
 0.00582917  0.00900086    0.999943  -0.0126725
          0           0           0           1
Current error: 4794.05 num_points 6066 mean_error 0.790314 reprojection_error 4227.32 mean reprojection 0.696888 opt_time 1ms.
==================================
[LINEARIZE] Error: 4794.05 num points 6066
	[ACCEPTED] lambda:0.741069 step_quality: 0.45372 max_inc: 0.0150538 Error: 4782.82 num points 6066
==================================
intrinsics 0:   1003.97   1005.32   495.827   314.868 -0.114783 0.0920441
T_i_c0:
1 0 0 0
0 1 0 0
0 0 1 0
0 0 0 1
intrinsics 1:   1231.7  1232.28  493.741  308.616 0.088389        0
T_i_c1:
   0.999891  -0.0135841 -0.00570389     1.84044
   0.013532    0.999867 -0.00907981  0.00786152
 0.00582647  0.00900164    0.999943   -0.012624
          0           0           0           1
Current error: 4782.82 num_points 6066 mean_error 0.788463 reprojection_error 4218.95 mean reprojection 0.695508 opt_time 1ms.
==================================
[LINEARIZE] Error: 4782.82 num points 6066
	[ACCEPTED] lambda:0.741657 step_quality: 0.156478 max_inc: 0.00463472 Error: 4779.78 num points 6066
==================================
intrinsics 0:   1003.98   1005.32   495.827   314.868 -0.114783 0.0919981
T_i_c0:
1 0 0 0
0 1 0 0
0 0 1 0
0 0 0 1
intrinsics 1:   1231.71   1232.28   493.742   308.614 0.0883713         0
T_i_c1:
   0.999891  -0.0135901 -0.00570207     1.84043
   0.013538    0.999867 -0.00908012  0.00786603
 0.00582471  0.00900194    0.999943  -0.0126113
          0           0           0           1
Current error: 4779.78 num_points 6066 mean_error 0.787962 reprojection_error 4216.78 mean reprojection 0.69515 opt_time 1ms.
==================================
[LINEARIZE] Error: 4779.78 num points 6066
	[ACCEPTED] lambda:0.982181 step_quality: 0.417093 max_inc: 0.0114891 Error: 4773.06 num points 6066
==================================
intrinsics 0:   1003.97   1005.32   495.827   314.868 -0.114783 0.0919674
T_i_c0:
1 0 0 0
0 1 0 0
0 0 1 0
0 0 0 1
intrinsics 1:   1231.72   1232.28   493.743   308.614 0.0883515         0
T_i_c1:
   0.999891  -0.0135952 -0.00569994     1.84042
  0.0135431    0.999867 -0.00908072  0.00786793
 0.00582264  0.00900253    0.999943  -0.0125744
          0           0           0           1
Current error: 4773.06 num_points 6066 mean_error 0.786855 reprojection_error 4211.42 mean reprojection 0.694267 opt_time 1ms.
==================================
[LINEARIZE] Error: 4773.06 num points 6066
	[ACCEPTED] lambda:0.986658 step_quality: 0.156747 max_inc: 0.00407489 Error: 4771.03 num points 6066
==================================
intrinsics 0:   1003.97   1005.32   495.827   314.868 -0.114783  0.091932
T_i_c0:
1 0 0 0
0 1 0 0
0 0 1 0
0 0 0 1
intrinsics 1:   1231.72   1232.28   493.745   308.612 0.0883376         0
T_i_c1:
   0.999891  -0.0135999 -0.00569854     1.84041
  0.0135478    0.999867 -0.00908095  0.00787145
 0.00582128  0.00900276    0.999943  -0.0125632
          0           0           0           1
Current error: 4771.03 num_points 6066 mean_error 0.786521 reprojection_error 4209.91 mean reprojection 0.694017 opt_time 1ms.
==================================
[LINEARIZE] Error: 4771.03 num points 6066
	[ACCEPTED] lambda:1.30589 step_quality: 0.377004 max_inc: 0.00869694 Error: 4767.06 num points 6066
==================================
intrinsics 0:   1003.97   1005.31   495.827   314.868 -0.114782  0.091908
T_i_c0:
1 0 0 0
0 1 0 0
0 0 1 0
0 0 0 1
intrinsics 1:   1231.73   1232.29   493.745   308.612 0.0883225         0
T_i_c1:
   0.999891  -0.0136038 -0.00569692     1.84041
  0.0135517    0.999867  -0.0090814   0.0078729
  0.0058197  0.00900321    0.999943  -0.0125352
          0           0           0           1
Current error: 4767.06 num_points 6066 mean_error 0.785865 reprojection_error 4206.56 mean reprojection 0.693465 opt_time 0ms.
==================================
[LINEARIZE] Error: 4767.06 num points 6066
	[ACCEPTED] lambda:1.32533 step_quality: 0.161583 max_inc: 0.00364329 Error: 4765.66 num points 6066
==================================
intrinsics 0:   1003.97   1005.31   495.827   314.868 -0.114782 0.0918814
T_i_c0:
1 0 0 0
0 1 0 0
0 0 1 0
0 0 0 1
intrinsics 1:   1231.74   1232.29   493.746   308.611 0.0883116         0
T_i_c1:
   0.999891  -0.0136074 -0.00569583      1.8404
  0.0135554    0.999867 -0.00908158  0.00787556
 0.00581865  0.00900338    0.999943   -0.012525
          0           0           0           1
Current error: 4765.66 num_points 6066 mean_error 0.785634 reprojection_error 4205.46 mean reprojection 0.693284 opt_time 0ms.
==================================
[LINEARIZE] Error: 4765.66 num points 6066
	[ACCEPTED] lambda:1.73626 step_quality: 0.326984 max_inc: 0.00638951 Error: 4763.38 num points 6066
==================================
intrinsics 0:   1003.97   1005.31   495.828   314.868 -0.114782 0.0918626
T_i_c0:
1 0 0 0
0 1 0 0
0 0 1 0
0 0 0 1
intrinsics 1:   1231.74   1232.29   493.747    308.61 0.0883003         0
T_i_c1:
   0.999891  -0.0136104 -0.00569462      1.8404
  0.0135583    0.999867 -0.00908191  0.00787672
 0.00581747  0.00900372    0.999943  -0.0125045
          0           0           0           1
Current error: 4763.38 num_points 6066 mean_error 0.785259 reprojection_error 4203.44 mean reprojection 0.69295 opt_time 0ms.
==================================
[LINEARIZE] Error: 4763.38 num points 6066
	[ACCEPTED] lambda:1.8082 step_quality: 0.172231 max_inc: 0.0033197 Error: 4762.38 num points 6066
==================================
intrinsics 0:   1003.97   1005.31   495.828   314.868 -0.114782 0.0918431
T_i_c0:
1 0 0 0
0 1 0 0
0 0 1 0
0 0 0 1
intrinsics 1:   1231.75   1232.29   493.747    308.61 0.0882918         0
T_i_c1:
   0.999891  -0.0136131 -0.00569377      1.8404
  0.0135611    0.999867 -0.00908207  0.00787862
 0.00581665  0.00900386    0.999943  -0.0124949
          0           0           0           1
Current error: 4762.38 num_points 6066 mean_error 0.785094 reprojection_error 4202.6 mean reprojection 0.692813 opt_time 1ms.
==================================
[LINEARIZE] Error: 4762.38 num points 6066
	[ACCEPTED] lambda:2.31757 step_quality: 0.273061 max_inc: 0.00457461 Error: 4761.12 num points 6066
==================================
intrinsics 0:   1003.97   1005.31   495.828   314.868 -0.114781 0.0918285
T_i_c0:
1 0 0 0
0 1 0 0
0 0 1 0
0 0 0 1
intrinsics 1:   1231.75   1232.29   493.748   308.609 0.0882835         0
T_i_c1:
   0.999891  -0.0136154 -0.00569289     1.84039
  0.0135633    0.999867  -0.0090823  0.00787959
 0.00581579   0.0090041    0.999943  -0.0124804
          0           0           0           1
Current error: 4761.12 num_points 6066 mean_error 0.784886 reprojection_error 4201.41 mean reprojection 0.692616 opt_time 0ms.
==================================
[LINEARIZE] Error: 4761.12 num points 6066
	[ACCEPTED] lambda:2.53427 step_quality: 0.186706 max_inc: 0.00303282 Error: 4760.4 num points 6066
==================================
intrinsics 0:   1003.97   1005.31   495.828   314.868 -0.114781 0.0918147
T_i_c0:
1 0 0 0
0 1 0 0
0 0 1 0
0 0 0 1
intrinsics 1:   1231.75   1232.29   493.748   308.609 0.0882768         0
T_i_c1:
   0.999891  -0.0136174 -0.00569222     1.84039
  0.0135654    0.999867 -0.00908244  0.00788085
 0.00581514  0.00900423    0.999943  -0.0124713
          0           0           0           1
Current error: 4760.4 num_points 6066 mean_error 0.784768 reprojection_error 4200.76 mean reprojection 0.692509 opt_time 0ms.
==================================
[LINEARIZE] Error: 4760.4 num points 6066
	[ACCEPTED] lambda:3.15771 step_quality: 0.226157 max_inc: 0.0032589 Error: 4759.71 num points 6066
==================================
intrinsics 0:   1003.97   1005.31   495.828   314.868 -0.114781 0.0918039
T_i_c0:
1 0 0 0
0 1 0 0
0 0 1 0
0 0 0 1
intrinsics 1:   1231.76    1232.3   493.749   308.608 0.0882708         0
T_i_c1:
   0.999891  -0.0136191 -0.00569159     1.84039
   0.013567    0.999867 -0.00908259  0.00788163
 0.00581453  0.00900439    0.999943  -0.0124611
          0           0           0           1
Current error: 4759.71 num_points 6066 mean_error 0.784654 reprojection_error 4200.07 mean reprojection 0.692395 opt_time 1ms.
==================================
[LINEARIZE] Error: 4759.71 num points 6066
	[ACCEPTED] lambda:3.67647 step_quality: 0.194069 max_inc: 0.0026158 Error: 4759.22 num points 6066
==================================
intrinsics 0:   1003.97   1005.31   495.828   314.868 -0.114781 0.0917944
T_i_c0:
1 0 0 0
0 1 0 0
0 0 1 0
0 0 0 1
intrinsics 1:   1231.76    1232.3   493.749   308.608 0.0882658         0
T_i_c1:
   0.999891  -0.0136205 -0.00569107     1.84039
  0.0135685    0.999867 -0.00908271   0.0078824
 0.00581403   0.0090045    0.999943   -0.012453
          0           0           0           1
Current error: 4759.22 num_points 6066 mean_error 0.784574 reprojection_error 4199.58 mean reprojection 0.692315 opt_time 1ms.
==================================
[LINEARIZE] Error: 4759.22 num points 6066
	[ACCEPTED] lambda:4.51862 step_quality: 0.196566 max_inc: 0.00238324 Error: 4758.84 num points 6066
==================================
intrinsics 0:   1003.97   1005.31   495.828   314.868 -0.114781 0.0917868
T_i_c0:
1 0 0 0
0 1 0 0
0 0 1 0
0 0 0 1
intrinsics 1:   1231.76    1232.3   493.749   308.608 0.0882615         0
T_i_c1:
   0.999891  -0.0136217 -0.00569063     1.84039
  0.0135697    0.999867 -0.00908282  0.00788297
 0.00581359  0.00900461    0.999943  -0.0124455
          0           0           0           1
Current error: 4758.84 num_points 6066 mean_error 0.78451 reprojection_error 4199.17 mean reprojection 0.692247 opt_time 1ms.
==================================
[LINEARIZE] Error: 4758.84 num points 6066
	[ACCEPTED] lambda:5.52855 step_quality: 0.186114 max_inc: 0.00203844 Error: 4758.55 num points 6066
==================================
intrinsics 0:   1003.97   1005.31   495.828   314.868 -0.114781 0.0917807
T_i_c0:
1 0 0 0
0 1 0 0
0 0 1 0
0 0 0 1
intrinsics 1:   1231.76    1232.3   493.749   308.608 0.0882579         0
T_i_c1:
   0.999891  -0.0136227 -0.00569026     1.84039
  0.0135706    0.999867 -0.00908291  0.00788343
 0.00581323   0.0090047    0.999943  -0.0124391
          0           0           0           1
Current error: 4758.55 num_points 6066 mean_error 0.784462 reprojection_error 4198.85 mean reprojection 0.692193 opt_time 0ms.
==================================
[LINEARIZE] Error: 4758.55 num points 6066
	[ACCEPTED] lambda:6.89633 step_quality: 0.178778 max_inc: 0.00174041 Error: 4758.33 num points 6066
