imu_topic: /imu0
mocap_topic: /vrpn_client/raw_transform
cam_topics: /cam0/image_raw /cam1/image_raw 
Total number of messages: 27079
Image size: 337
Min time: 1520526024056746093 max time: 1520526108212845093 mocap to imu offset: 0
Number of mocap poses: 9625
No pre-processed detected corners found
No pre-processed initial poses found
No calibration found
Started detecting corners
Done detecting corners. Saved them here: /media/achry/LENOVO_USB_HDD/CamCalibr/Dataset/Result/tumvi_calib_data/basalt/kb4/calib-cam_detected_corners.cereal
Started camera intrinsics initialization
Done camera intrinsics initialization:
Cam 0: 164.343 164.343   255.5   255.5       0       0       0       0
Cam 1: 162.38 162.38  255.5  255.5      0      0      0      0
Started initial camera pose computation 
Done initial camera pose computation. Saved them here: /media/achry/LENOVO_USB_HDD/CamCalibr/Dataset/Result/tumvi_calib_data/basalt/kb4/calib-cam_init_poses.cereal
Initializing camera pair 0 1
Done camera extrinsics initialization:
T_c0_c0:
1 0 0 0
0 1 0 0
0 0 1 0
0 0 0 1
T_c0_c1:
   0.997632  0.00330051   0.0686961   0.0662349
-0.00630567     0.99903    0.043575   0.0177696
 -0.0684857   -0.043905    0.996686  0.00276908
          0           0           0           1
Initialized optimization.
[LINEARIZE] Error: 1.67105e+06 num points 74375
	[ACCEPTED] lambda:1e-06 step_quality: 1.90063 max_inc: 25.0686 Error: 591918 num points 74375
==================================
intrinsics 0:      188.506      188.427      254.755      256.583  -0.00142625 -0.000988824  0.000291046 -0.000135213
T_i_c0:
1 0 0 0
0 1 0 0
0 0 1 0
0 0 0 1
intrinsics 1:      187.448      187.413      254.003      254.721  5.57868e-06  -0.00251976  0.000974471 -0.000228366
T_i_c1:
   0.999903  0.00101135   0.0138921   0.0947314
-0.00163441     0.99899    0.044912   0.0036677
 -0.0138327  -0.0449304    0.998894  0.00125542
          0           0           0           1
Current error: 591918 num_points 74375 mean_error 7.95856 reprojection_error 178389 mean reprojection 2.3985 opt_time 15ms.
==================================
[LINEARIZE] Error: 591918 num points 74375
	[ACCEPTED] lambda:3.33333e-07 step_quality: 2.20654 max_inc: 3.00421 Error: 4795.69 num points 74375
==================================
intrinsics 0:     191.103     191.089     254.945      256.89  0.00695305 -0.00425075 0.000984991 -0.00038001
T_i_c0:
1 0 0 0
0 1 0 0
0 0 1 0
0 0 0 1
intrinsics 1:      190.447      190.417      252.617      254.995   0.00735562  -0.00398292  0.000957226 -0.000396533
T_i_c1:
    0.999999  0.000897606   0.00051642     0.101102
-0.000921277     0.998855    0.0478261   0.00162798
  -0.0004729   -0.0478265     0.998856   0.00134047
           0            0            0            1
Current error: 4795.69 num_points 74375 mean_error 0.0644799 reprojection_error 10350.5 mean reprojection 0.139167 opt_time 14ms.
==================================
[LINEARIZE] Error: 4795.69 num points 74375
	[ACCEPTED] lambda:1.11111e-07 step_quality: 2.0002 max_inc: 0.0575228 Error: 4603.47 num points 74375
==================================
intrinsics 0:      191.107      191.093      254.957      256.887   0.00718624  -0.00449527   0.00112469 -0.000421769
T_i_c0:
1 0 0 0
0 1 0 0
0 0 1 0
0 0 0 1
intrinsics 1:       190.45      190.417      252.559      255.023   0.00757547   -0.0041888   0.00106902 -0.000430162
T_i_c1:
           1  0.000910325  0.000369051     0.101065
-0.000926956     0.998852    0.0478964   0.00166045
-0.000325026   -0.0478967     0.998852   0.00138983
           0            0            0            1
Current error: 4603.47 num_points 74375 mean_error 0.0618954 reprojection_error 9818.18 mean reprojection 0.132009 opt_time 13ms.
==================================
[LINEARIZE] Error: 4603.47 num points 74375
	[ACCEPTED] lambda:3.7037e-08 step_quality: 1.99563 max_inc: 0.00109709 Error: 4603.47 num points 74375
==================================
intrinsics 0:      191.107      191.093      254.958      256.888   0.00718689  -0.00449687   0.00112607 -0.000422088
T_i_c0:
1 0 0 0
0 1 0 0
0 0 1 0
0 0 0 1
intrinsics 1:       190.45      190.417       252.56      255.024    0.0075748  -0.00418851   0.00106948 -0.000430326
T_i_c1:
           1  0.000910638  0.000369328     0.101065
-0.000927283     0.998852    0.0478979   0.00166077
-0.000325286   -0.0478982     0.998852   0.00138998
           0            0            0            1
Current error: 4603.47 num_points 74375 mean_error 0.0618953 reprojection_error 9818.07 mean reprojection 0.132008 opt_time 13ms.
==================================
[LINEARIZE] Error: 4603.47 num points 74375
	[ACCEPTED] lambda:1.23457e-08 step_quality: 1.98832 max_inc: 1.02451e-05 Error: 4603.47 num points 74375
==================================
intrinsics 0:      191.107      191.093      254.958      256.888   0.00718689  -0.00449688   0.00112609 -0.000422092
T_i_c0:
1 0 0 0
0 1 0 0
0 0 1 0
0 0 0 1
intrinsics 1:       190.45      190.417       252.56      255.024   0.00757474  -0.00418844   0.00106943 -0.000430318
T_i_c1:
           1  0.000910636  0.000369321     0.101065
 -0.00092728     0.998852    0.0478979   0.00166077
-0.000325279   -0.0478982     0.998852   0.00138997
           0            0            0            1
Current error: 4603.47 num_points 74375 mean_error 0.0618953 reprojection_error 9818.07 mean reprojection 0.132008 opt_time 13ms.
==================================
[LINEARIZE] Error: 4603.47 num points 74375
	[ACCEPTED] lambda:4.11523e-09 step_quality: 1.34413 max_inc: 2.40495e-07 Error: 4603.47 num points 74375
==================================
intrinsics 0:      191.107      191.093      254.958      256.888   0.00718689  -0.00449688   0.00112609 -0.000422092
T_i_c0:
1 0 0 0
0 1 0 0
0 0 1 0
0 0 0 1
intrinsics 1:       190.45      190.417       252.56      255.024   0.00757475  -0.00418844   0.00106943 -0.000430318
T_i_c1:
          1 0.000910636 0.000369321    0.101065
-0.00092728    0.998852   0.0478979  0.00166077
-0.00032528  -0.0478982    0.998852  0.00138997
          0           0           0           1
Current error: 4603.47 num_points 74375 mean_error 0.0618953 reprojection_error 9818.07 mean reprojection 0.132008 opt_time 13ms.
==================================
[LINEARIZE] Error: 4603.47 num points 74375
	[REJECTED] lambda:1.37174e-09 step_quality: -877.167 max_inc: 3.04554e-09 Error: 4603.47 num points 74375
[CONVERGED]
==================================
intrinsics 0:      191.107      191.093      254.958      256.888   0.00718689  -0.00449688   0.00112609 -0.000422092
T_i_c0:
1 0 0 0
0 1 0 0
0 0 1 0
0 0 0 1
intrinsics 1:       190.45      190.417       252.56      255.024   0.00757475  -0.00418844   0.00106943 -0.000430318
T_i_c1:
          1 0.000910636 0.000369321    0.101065
-0.00092728    0.998852   0.0478979  0.00166077
-0.00032528  -0.0478982    0.998852  0.00138997
          0           0           0           1
Current error: 4603.47 num_points 74375 mean_error 0.0618953 reprojection_error 9818.07 mean reprojection 0.132008 opt_time 13ms.
Optimization Converged !!
==================================
Optimization converged with 6 iteration steps.
Elapsed time (ms): load dataset 0, detect corners 0, init cam intrinsics 0, optimization 0.
Saved calibration in /media/achry/LENOVO_USB_HDD/CamCalibr/Dataset/Result/tumvi_calib_data/basalt/kb4/calibration.json
