cam0:
  cam_overlaps: []
  camera_model: pinhole
  distortion_coeffs: [0.03544012464339686, -0.03965332077414958, 0.0006956159129184756,
    0.0015787901518833816]
  distortion_model: radtan
  intrinsics: [1014.0155103969211, 1011.2463348250664, 650.2665526165388, 354.79936933243687]
  resolution: [1280, 720]
  rostopic: /cam0/image_raw
