cam0:
  cam_overlaps: [1]
  camera_model: pinhole
  distortion_coeffs: [0.0005836858388329506, 0.00010525369600093435, -0.0012755202044884583,
    -0.003138879713927797]
  distortion_model: radtan
  intrinsics: [274.23939875014537, 274.8539873750333, 450.1435616757141, 377.50645562746]
  resolution: [994, 663]
  rostopic: /cam0/image_raw
cam1:
  T_cn_cnm1:
  - [0.999724651132865, 0.018359291216093945, -0.01461363552693361, -2.403031678346936]
  - [-0.01823061964349792, 0.9997942854340409, 0.008889956178170505, -0.2515299954061901]
  - [0.014773842583617447, -0.008621092707907731, 0.9998536944652634, 0.23314959661537227]
  - [0.0, 0.0, 0.0, 1.0]
  cam_overlaps: [0]
  camera_model: pinhole
  distortion_coeffs: [0.0072542348337399235, 0.02429375376996637, 0.004891915989739385,
    -0.002348561757119681]
  distortion_model: radtan
  intrinsics: [306.16668525463865, 310.95678504402053, 531.1481498763018, 415.155404181713]
  resolution: [994, 663]
  rostopic: /cam1/image_raw
