cam0:
  cam_overlaps: [1]
  camera_model: pinhole
  distortion_coeffs: [0.07262979836248883, -0.16629810177106072, -0.000269964721598863,
    0.0009471744337437543]
  distortion_model: radtan
  intrinsics: [808.304440066525, 813.3351161107327, 506.11620530667716, 373.4649379185394]
  resolution: [994, 663]
  rostopic: /cam0/image_raw
cam1:
  T_cn_cnm1:
  - [0.9997909403052617, 0.01214217833587311, 0.016451236694527208, -1.8389989581460338]
  - [-0.012294554268055834, 0.9998821592541962, 0.009193015855251275, 0.0137700781927651]
  - [-0.01633767483056677, -0.009393354588480354, 0.9998224068656916, 0.050924352601726765]
  - [0.0, 0.0, 0.0, 1.0]
  cam_overlaps: [0]
  camera_model: pinhole
  distortion_coeffs: [0.05136861565570784, -0.12802358734543862, 0.00020830059044117351,
    -0.00110614256087469]
  distortion_model: radtan
  intrinsics: [809.701309529227, 814.7244282920541, 496.1599586529441, 369.6628263065141]
  resolution: [994, 663]
  rostopic: /cam1/image_raw
